919826321654
919826321655
919826321656
919826321657
919826321658
919826321659
919826321660
919826321661
919826321662
919826321663
919589050321
919589050322
919589050323
919589050324
919589050325
919589050326
919589050327
919589050328
919589050329
919589050330
919589050331
919589050332
919589050333
919589050334
919589050335
919589050336
919589050337
919589050338
919589050339
919589050340
919589050341
919589050342
919589050343
919589050344
919589050345
919589050346
919589050347
919589050348
919589050349
919589050350
919589050351
919589050352
919589050353
919589050354
919589050355
919589050356
919589050357
919589050358
919589050359
919589050360
919589050361
919589050362
919589050363
919589050364
919589050365
919589050366
919589050367
919589050368
919589050369
919589050370
919589050371
919589050372
919589050373
919589050374
919589050375
919589050376
919589050377
919589050378
919589050379
919589050380
919589050381
919589050382
919589050383
919589050384
919589050385
919589050386
919589050387
919589050388
919589050389
919589050390
919589050391
919589050392
919589050393
919589050394
919589050395
919589050396
919589050397
919589050398
919589050399
919589050400
919589050401
919589050402
919589050403
919589050404
919589050405
919589050406
919589050407
919589050408
919589050409
919589050410
919589050411
919589050412
919589050413
919589050414
919589050415
919589050416
919589050417
919589050418
919589050419
919589050420
919589050421
919589050422
919589050423
919589050424
919589050425
919589050426
919589050427
919589050428
919589050429
919589050430
919589050431
919589050432
919589050433
919589050434
919589050435
919589050436
919589050437
919589050438
919589050439
919589050440
919589050441
919589050442
919589050443
919589050444
919589050445
919589050446
919589050447
919589050448
919589050449
919589050450
919589050451
919589050452
919589050453
919589050454
919589050455
919589050456
919589050457
919589050458
919589050459
919589050460
919589050461
919589050462
919589050463
919589050464
919589050465
919589050466
919589050467
919589050468
919589050469
919589050470
919589050471
919589050472
919589050473
919589050474
919589050475
919589050476
919589050477
919589050478
919589050479
919589050480
919589050481
919589050482
919589050483
919589050484
919589050485
919589050486
919589050487
919589050488
919589050489
919589050490
919589050491
919589050492
919589050493
919589050494
919589050495
919589050496
919589050497
919589050498
919589050499
919589050500
919589050501
919589050502
919589050503
919589050504
919589050505
919589050506
919589050507
919589050508
919589050509
919589050510
919589050511
919589050512
919589050513
919589050514
919589050515
919589050516
919589050517
919589050518
919589050519
919589050520
919589050521
919589050522
919589050523
919589050524
919589050525
919589050526
919589050527
919589050528
919589050529
919589050530
919589050531
919589050532
919589050533
919589050534
919589050535
919589050536
919589050537
919589050538
919589050539
919589050540
919589050541
919589050542
919589050543
919589050544
919589050545
919589050546
919589050547
919589050548
919589050549
919589050550
919589050551
919589050552
919589050553
919589050554
919589050555
919589050556
919589050557
919589050558
919589050559
919589050560
919589050561
919589050562
919589050563
919589050564
919589050565
919589050566
919589050567
919589050568
919589050569
919589050570
919589050571
919589050572
919589050573
919589050574
919589050575
919589050576
919589050577
919589050578
919589050579
919589050580
919589050581
919589050582
919589050583
919589050584
919589050585
919589050586
919589050587
919589050588
919589050589
919589050590
919589050591
919589050592
919589050593
919589050594
919589050595
919589050596
919589050597
919589050598
919589050599
919589050600
919589050601
919589050602
919589050603
919589050604
919589050605
919589050606
919589050607
919589050608
919589050609
919589050610
919589050611
919589050612
919589050613
919589050614
919589050615
919589050616
919589050617
919589050618
919589050619
919589050620
919589050621
919589050622
919589050623
919589050624
919589050625
919589050626
919589050627
919589050628
919589050629
919589050630
919589050631
919589050632
919589050633
919589050634
919589050635
919589050636
919589050637
919589050638
919589050639
919589050640
919589050641
919589050642
919589050643
919589050644
919589050645
919589050646
919589050647
919589050648
919589050649
919589050650
919589050651
919589050652
919589050653
919589050654
919589050655
919589050656
919589050657
919589050658
919589050659
919589050660
919589050661
919589050662
919589050663
919589050664
919589050665
919589050666
919589050667
919589050668
919589050669
919589050670
919589050671
919589050672
919589050673
919589050674
919589050675
919589050676
919589050677
919589050678
919589050679
919589050680
919589050681
919589050682
919589050683
919589050684
919589050685
919589050686
919589050687
919589050688
919589050689
919589050690
919589050691
919589050692
919589050693
919589050694
919589050695
919589050696
919589050697
919589050698
919589050699
919589050700
919589050701
919589050702
919589050703
919589050704
919589050705
919589050706
919589050707
919589050708
919589050709
919589050710
919589050711
919589050712
919589050713
919589050714
919589050715
919589050716
919589050717
919589050718
919589050719
919589050720
919589050721
919589050722
919589050723
919589050724
919589050725
919589050726
919589050727
919589050728
919589050729
919589050730
919589050731
919589050732
919589050733
919589050734
919589050735
919589050736
919589050737
919589050738
919589050739
919589050740
919589050741
919589050742
919589050743
919589050744
919589050745
919589050746
919589050747
919589050748
919589050749
919589050750
919589050751
919589050752
919589050753
919589050754
919589050755
919589050756
919589050757
919589050758
919589050759
919589050760
919589050761
919589050762
919589050763
919589050764
919589050765
919589050766
919589050767
919589050768
919589050769
919589050770
919589050771
919589050772
919589050773
919589050774
919589050775
919589050776
919589050777
919589050778
919589050779
919589050780
919589050781
919589050782
919589050783
919589050784
919589050785
919589050786
919589050787
919589050788
919589050789
919589050790
919589050791
919589050792
919589050793
919589050794
919589050795
919589050796
919589050797
919589050798
919589050799
919589050800
919589050801
919589050802
919589050803
919589050804
919589050805
919589050806
919589050807
919589050808
919589050809
919589050810